0.00000440	0.00000440	0.00000880	0.00000000	0.00000000	0.00001320	0.00001760	0.00001760	0.00002200	0.00002200	0.00002640	0.00002640	0.00000000	0.00000000	0.00003520	0.00000000	0.00003960	0.00000000	0.00000000	0.00000000	0.00000000	0.00000000	0.00006600	0.00000000	0.00007480	0.00007920	0.00000000	0.00000000	0.00000000	0.00000000	0.00010120	0.00000000	0.00000000	0.00000000	0.00011880	0.00012320	0.00000000	0.00000000
0.00000000	0.00000000	0.00000880	0.00000880	0.00001320	0.00001320	0.00000000	0.00001760	0.00000000	0.00002200	0.00002640	0.00002640	0.00003080	0.00000000	0.00000000	0.00003520	0.00000000	0.00000000	0.00000000	0.00000000	0.00005720	0.00000000	0.00000000	0.00000000	0.00000000	0.00000000	0.00000000	0.00000000	0.00009240	0.00000000	0.00000000	0.00010560	0.00011000	0.00000000	0.00000000	0.00000000	0.00000000	0.00000000
0.00000440	0.00000000	0.00000880	0.00000000	0.00001320	0.00001320	0.00001760	0.00001760	0.00000000	0.00000000	0.00002640	0.00000000	0.00000000	0.00003080	0.00003520	0.00000000	0.00003960	0.00004400	0.00000000	0.00000000	0.00005720	0.00006160	0.00000000	0.00007040	0.00000000	0.00000000	0.00000000	0.00000000	0.00000000	0.00000000	0.00000000	0.00000000	0.00000000	0.00000000	0.00000000	0.00000000	0.00000000	0.00000000
0.00000000	0.00000440	0.00000000	0.00000880	0.00000000	0.00001320	0.00000000	0.00000000	0.00000000	0.00000000	0.00000000	0.00002640	0.00000000	0.00003080	0.00003520	0.00003520	0.00000000	0.00000000	0.00000000	0.00005280	0.00000000	0.00000000	0.00000000	0.00000000	0.00007480	0.00000000	0.00000000	0.00008800	0.00000000	0.00000000	0.00000000	0.00000000	0.00000000	0.00011440	0.00000000	0.00000000	0.00012760	0.00000000
0.00000440	0.00000440	0.00000880	0.00000000	0.00001320	0.00000000	0.00001760	0.00000000	0.00002200	0.00000000	0.00000000	0.00000000	0.00000000	0.00003080	0.00000000	0.00000000	0.00003960	0.00004400	0.00000000	0.00000000	0.00000000	0.00000000	0.00006600	0.00000000	0.00000000	0.00000000	0.00000000	0.00000000	0.00000000	0.00000000	0.00000000	0.00000000	0.00000000	0.00000000	0.00000000	0.00000000	0.00000000	0.00000000
0.00000440	0.00000440	0.00000880	0.00000880	0.00000000	0.00000000	0.00001760	0.00000000	0.00002200	0.00002200	0.00000000	0.00000000	0.00000000	0.00000000	0.00000000	0.00000000	0.00000000	0.00000000	0.00004840	0.00005280	0.00000000	0.00000000	0.00000000	0.00000000	0.00000000	0.00000000	0.00000000	0.00000000	0.00000000	0.00000000	0.00000000	0.00000000	0.00000000	0.00000000	0.00000000	0.00000000	0.00000000	0.00000000
0.00000440	0.00000000	0.00000000	0.00000880	0.00001320	0.00001320	0.00001760	0.00000000	0.00000000	0.00002200	0.00000000	0.00000000	0.00003080	0.00000000	0.00000000	0.00000000	0.00000000	0.00000000	0.00004840	0.00000000	0.00000000	0.00000000	0.00000000	0.00000000	0.00000000	0.00000000	0.00000000	0.00000000	0.00000000	0.00000000	0.00000000	0.00000000	0.00000000	0.00000000	0.00000000	0.00000000	0.00000000	0.00000000
0.00000000	0.00000000	0.00000880	0.00000000	0.00001320	0.00000000	0.00000000	0.00000000	0.00000000	0.00000000	0.00000000	0.00002640	0.00003080	0.00000000	0.00000000	0.00000000	0.00000000	0.00000000	0.00000000	0.00000000	0.00000000	0.00006160	0.00000000	0.00000000	0.00000000	0.00007920	0.00000000	0.00000000	0.00000000	0.00009680	0.00000000	0.00000000	0.00000000	0.00000000	0.00000000	0.00000000	0.00000000	0.00000000
0.00000000	0.00000440	0.00000000	0.00000880	0.00000000	0.00000000	0.00000000	0.00001760	0.00000000	0.00000000	0.00002640	0.00000000	0.00000000	0.00000000	0.00000000	0.00003520	0.00000000	0.00000000	0.00000000	0.00000000	0.00000000	0.00000000	0.00000000	0.00007040	0.00000000	0.00000000	0.00000000	0.00000000	0.00000000	0.00000000	0.00000000	0.00000000	0.00000000	0.00000000	0.00000000	0.00000000	0.00000000	0.00013200
0.00000440	0.00000440	0.00000000	0.00000880	0.00000000	0.00000000	0.00000000	0.00000000	0.00002200	0.00000000	0.00000000	0.00000000	0.00000000	0.00000000	0.00000000	0.00000000	0.00000000	0.00000000	0.00000000	0.00000000	0.00000000	0.00000000	0.00000000	0.00000000	0.00000000	0.00000000	0.00008360	0.00000000	0.00000000	0.00000000	0.00000000	0.00000000	0.00000000	0.00000000	0.00000000	0.00000000	0.00000000	0.00000000
0.00000000	0.00000000	0.00000000	0.00000000	0.00001320	0.00000000	0.00000000	0.00000000	0.00000000	0.00000000	0.00000000	0.00000000	0.00000000	0.00000000	0.00000000	0.00000000	0.00000000	0.00004400	0.00000000	0.00000000	0.00000000	0.00000000	0.00000000	0.00000000	0.00000000	0.00000000	0.00000000	0.00000000	0.00000000	0.00000000	0.00000000	0.00000000	0.00000000	0.00000000	0.00000000	0.00000000	0.00000000	0.00000000
1221.00000000	1552.00000000	793.00000000	954.00000000	1499.00000000	1012.00000000	1575.00000000	1447.00000000	1104.00000000	1161.00000000	1218.00000000	1667.00000000	1150.00000000	877.00000000	1572.00000000	1174.00000000	815.00000000	1354.00000000	1346.00000000	984.00000000	1294.00000000	1362.00000000	1422.00000000	1686.00000000	1568.00000000	1522.00000000	980.00000000	1738.00000000	756.00000000	1565.00000000	1643.00000000	1067.00000000	1389.00000000	1012.00000000	1385.00000000	1444.00000000	990.00000000	885.00000000
0.00023000	0.00023000	0.00023000	0.00023000	0.00023000	0.00023000	0.00023000	0.00023000	0.00023000	0.00023000	0.00023000	0.00023000	0.00023000	0.00023000	0.00023000	0.00023000	0.00023000	0.00023000	0.00023000	0.00023000	0.00023000	0.00023000	0.00023000	0.00023000	0.00023000	0.00023000	0.00023000	0.00023000	0.00023000	0.00023000	0.00023000	0.00023000	0.00023000	0.00023000	0.00023000	0.00023000	0.00023000	0.00023000
0.00002300	0.00002300	0.00002300	0.00002300	0.00002300	0.00002300	0.00002300	0.00002300	0.00002300	0.00002300	0.00002300	0.00002300	0.00002300	0.00002300	0.00002300	0.00002300	0.00002300	0.00002300	0.00002300	0.00002300	0.00002300	0.00002300	0.00002300	0.00002300	0.00002300	0.00002300	0.00002300	0.00002300	0.00002300	0.00002300	0.00002300	0.00002300	0.00002300	0.00002300	0.00002300	0.00002300	0.00002300	0.00002300
0.00000000	0.00000000	0.00000000	0.00000000	0.00000000	0.00000000	0.00000000	0.00000000	0.00000000	0.00000000	0.00000000	0.00000000	0.00000000	0.00000000	0.00000000	0.00000000	0.00000000	0.00000000	0.00000000	0.00000000	0.00000000	0.00000000	0.00000000	0.00000000	0.00000000	0.00000000	0.00000000	0.00000000	0.00000000	0.00000000	0.00000000	0.00000000	0.00000000	0.00000000	0.00000000	0.00000000	0.00000000	0.00000000
0.06000000	0.06000000	0.06000000	0.06000000	0.06000000	0.06000000	0.06000000	0.06000000	0.06000000	0.06000000	0.06000000	0.06000000	0.06000000	0.06000000	0.06000000	0.06000000	0.06000000	0.06000000	0.06000000	0.06000000	0.06000000	0.06000000	0.06000000	0.06000000	0.06000000	0.06000000	0.06000000	0.06000000	0.06000000	0.06000000	0.06000000	0.06000000	0.06000000	0.06000000	0.06000000	0.06000000	0.06000000	0.06000000
