0.00000000	0.00000000	0.00000000	0.00000000	0.00000000	0.00000000	0.00000000	0.00000500	0.00000500	0.00000000	0.00000000	0.00000000	0.00000000	0.00000000	0.00000000	0.00000000	0.00000000	0.00000000	0.00000000	0.00000000	0.00000000	0.00000000	0.00000000	0.00000000	0.00000000	0.00000000	0.00000000	0.00000000	0.00000000	0.00000000	0.00000000
0.00000000	0.00000000	0.00000000	0.00000000	0.00000000	0.00000000	0.00000500	0.00000500	0.00000000	0.00000500	0.00000000	0.00000000	0.00000500	0.00000000	0.00000500	0.00000000	0.00000000	0.00000000	0.00000500	0.00000500	0.00000000	0.00000000	0.00000000	0.00000000	0.00000000	0.00000000	0.00000000	0.00000000	0.00000000	0.00000000	0.00000000
0.00000000	0.00000000	0.00000500	0.00000000	0.00000000	0.00000000	0.00000000	0.00000000	0.00000000	0.00000500	0.00000000	0.00000000	0.00000000	0.00000000	0.00000500	0.00000500	0.00000000	0.00000000	0.00000000	0.00000000	0.00000000	0.00000000	0.00000000	0.00000500	0.00000000	0.00000000	0.00000000	0.00000000	0.00000000	0.00000000	0.00000500
0.00000000	0.00000500	0.00000000	0.00000000	0.00000000	0.00000500	0.00000000	0.00000000	0.00000000	0.00000500	0.00000000	0.00000000	0.00000000	0.00000000	0.00000000	0.00000000	0.00000000	0.00000500	0.00000500	0.00000000	0.00000000	0.00000000	0.00000000	0.00000000	0.00000000	0.00000000	0.00000000	0.00000000	0.00000000	0.00000000	0.00000000
0.00000000	0.00000000	0.00000000	0.00000000	0.00000500	0.00000000	0.00000000	0.00000000	0.00000000	0.00000000	0.00000500	0.00000000	0.00000000	0.00000000	0.00000500	0.00000000	0.00000000	0.00000000	0.00000000	0.00000000	0.00000500	0.00000000	0.00000000	0.00000000	0.00000000	0.00000000	0.00000000	0.00000000	0.00000000	0.00000000	0.00000500
0.00000000	0.00000000	0.00000500	0.00000500	0.00000500	0.00000500	0.00000000	0.00000500	0.00000000	0.00000000	0.00000000	0.00000000	0.00000000	0.00000000	0.00000000	0.00000500	0.00000000	0.00000000	0.00000000	0.00000000	0.00000000	0.00000000	0.00000000	0.00000000	0.00000000	0.00000000	0.00000000	0.00000000	0.00000000	0.00000000	0.00000000
0.00000500	0.00000000	0.00000000	0.00000000	0.00000500	0.00000000	0.00000500	0.00000000	0.00000500	0.00000000	0.00000000	0.00000000	0.00000500	0.00000000	0.00000000	0.00000000	0.00000000	0.00000000	0.00000000	0.00000000	0.00000000	0.00000000	0.00000000	0.00000000	0.00000000	0.00000000	0.00000000	0.00000000	0.00000000	0.00000000	0.00000000
0.00000500	0.00000500	0.00000000	0.00000000	0.00000000	0.00000000	0.00000000	0.00000000	0.00000500	0.00000000	0.00000000	0.00000000	0.00000000	0.00000000	0.00000000	0.00000000	0.00000000	0.00000000	0.00000000	0.00000000	0.00000000	0.00000000	0.00000000	0.00000000	0.00000500	0.00000000	0.00000000	0.00000000	0.00000000	0.00000000	0.00000000
0.00000000	0.00000500	0.00000000	0.00000000	0.00000500	0.00000000	0.00000000	0.00000000	0.00000000	0.00000000	0.00000000	0.00000500	0.00000000	0.00000000	0.00000000	0.00000000	0.00000000	0.00000000	0.00000500	0.00000000	0.00000500	0.00000000	0.00000000	0.00000000	0.00000000	0.00000500	0.00000000	0.00000000	0.00000000	0.00000000	0.00000000
0.00000000	0.00000500	0.00000500	0.00000500	0.00000000	0.00000000	0.00000000	0.00000500	0.00000000	0.00000000	0.00000000	0.00000000	0.00000000	0.00000000	0.00000500	0.00000000	0.00000000	0.00000000	0.00000000	0.00000000	0.00000000	0.00000000	0.00000000	0.00000500	0.00000000	0.00000500	0.00000000	0.00000000	0.00000000	0.00000000	0.00000000
0.00000500	0.00000500	0.00000500	0.00000000	0.00000500	0.00000500	0.00000000	0.00000500	0.00000000	0.00000000	0.00000000	0.00000000	0.00000000	0.00000000	0.00000500	0.00000500	0.00000000	0.00000000	0.00000000	0.00000000	0.00000000	0.00000000	0.00000000	0.00000000	0.00000000	0.00000000	0.00000000	0.00000000	0.00000000	0.00000000	0.00000000
0.00000000	0.00000000	0.00000500	0.00000000	0.00000500	0.00000000	0.00000000	0.00000000	0.00000000	0.00000000	0.00000000	0.00000500	0.00000000	0.00000000	0.00000000	0.00000000	0.00000000	0.00000000	0.00000000	0.00000000	0.00000000	0.00000000	0.00000000	0.00000000	0.00000000	0.00000000	0.00000000	0.00000000	0.00000500	0.00000000	0.00000000
0.00000000	0.00000500	0.00000000	0.00000500	0.00000000	0.00000000	0.00000500	0.00000000	0.00000000	0.00000500	0.00000000	0.00000000	0.00000000	0.00000000	0.00000000	0.00000000	0.00000000	0.00000500	0.00000000	0.00000000	0.00000000	0.00000000	0.00000000	0.00000000	0.00000000	0.00000000	0.00000000	0.00000000	0.00000000	0.00000000	0.00000000
0.00000500	0.00000000	0.00000500	0.00000000	0.00000000	0.00000000	0.00000000	0.00000000	0.00000000	0.00000500	0.00000500	0.00000000	0.00000000	0.00000000	0.00000000	0.00000000	0.00000000	0.00000000	0.00000000	0.00000000	0.00000000	0.00000000	0.00000000	0.00000000	0.00000000	0.00000000	0.00000000	0.00000000	0.00000000	0.00000000	0.00000000
0.00000000	0.00000000	0.00000500	0.00000000	0.00000000	0.00000500	0.00000000	0.00000000	0.00000000	0.00000000	0.00000500	0.00000000	0.00000000	0.00000000	0.00000000	0.00000000	0.00000500	0.00000000	0.00000000	0.00000500	0.00000000	0.00000000	0.00000500	0.00000000	0.00000000	0.00000000	0.00000000	0.00000000	0.00000000	0.00000000	0.00000000
0.00000000	0.00000000	0.00000500	0.00000000	0.00000500	0.00000500	0.00000000	0.00000500	0.00000000	0.00000000	0.00000000	0.00000500	0.00000000	0.00000000	0.00000000	0.00000000	0.00000000	0.00000000	0.00000000	0.00000000	0.00000000	0.00000000	0.00000000	0.00000000	0.00000500	0.00000000	0.00000500	0.00000000	0.00000000	0.00000000	0.00000000
0.00000000	0.00000000	0.00000000	0.00000500	0.00000000	0.00000000	0.00000000	0.00000000	0.00000000	0.00000000	0.00000000	0.00000500	0.00000500	0.00000000	0.00000000	0.00000500	0.00000000	0.00000000	0.00000000	0.00000000	0.00000000	0.00000000	0.00000000	0.00000000	0.00000000	0.00000000	0.00000000	0.00000000	0.00000500	0.00000000	0.00000000
0.00000000	0.00000500	0.00000500	0.00000500	0.00000500	0.00000000	0.00000000	0.00000000	0.00000000	0.00000000	0.00000000	0.00000000	0.00000000	0.00000000	0.00000000	0.00000000	0.00000000	0.00000500	0.00000500	0.00000000	0.00000000	0.00000000	0.00000000	0.00000000	0.00000000	0.00000000	0.00000000	0.00000000	0.00000000	0.00000000	0.00000000
0.00000500	0.00000000	0.00000000	0.00000500	0.00000500	0.00000500	0.00000000	0.00000000	0.00000000	0.00000000	0.00000000	0.00000000	0.00000500	0.00000000	0.00000000	0.00000000	0.00000500	0.00000000	0.00000000	0.00000500	0.00000000	0.00000000	0.00000500	0.00000500	0.00000000	0.00000000	0.00000000	0.00000000	0.00000000	0.00000000	0.00000000
0.00000000	0.00000500	0.00000000	0.00000000	0.00000500	0.00000500	0.00000000	0.00000000	0.00000000	0.00000000	0.00000000	0.00000500	0.00000000	0.00000000	0.00000000	0.00000000	0.00000500	0.00000500	0.00000000	0.00000000	0.00000000	0.00000000	0.00000000	0.00000000	0.00000000	0.00000000	0.00000000	0.00000000	0.00000000	0.00000500	0.00000000
0.00000000	0.00000000	0.00000000	0.00000000	0.00000000	0.00000000	0.00000000	0.00000000	0.00000000	0.00000500	0.00000500	0.00000000	0.00000000	0.00000500	0.00000000	0.00000000	0.00000000	0.00000000	0.00000000	0.00000000	0.00000000	0.00000000	0.00000000	0.00000000	0.00000000	0.00000000	0.00000500	0.00000000	0.00000000	0.00000000	0.00000500
0.00000000	0.00000000	0.00000000	0.00000000	0.00000000	0.00000000	0.00000000	0.00000000	0.00000000	0.00000000	0.00000500	0.00000000	0.00000500	0.00000000	0.00000000	0.00000000	0.00000000	0.00000000	0.00000000	0.00000000	0.00000000	0.00000000	0.00000500	0.00000000	0.00000000	0.00000500	0.00000000	0.00000000	0.00000000	0.00000000	0.00000000
0.00000000	0.00000000	0.00000000	0.00000000	0.00000000	0.00000000	0.00000500	0.00000000	0.00000000	0.00000000	0.00000000	0.00000000	0.00000000	0.00000000	0.00000000	0.00000000	0.00000000	0.00000500	0.00000000	0.00000500	0.00000000	0.00000000	0.00000000	0.00000000	0.00000000	0.00000000	0.00000500	0.00000000	0.00000000	0.00000000	0.00000000
0.00000000	0.00000000	0.00000500	0.00000000	0.00000000	0.00000500	0.00000000	0.00000000	0.00000000	0.00000000	0.00000000	0.00000500	0.00000000	0.00000500	0.00000500	0.00000500	0.00000000	0.00000000	0.00000000	0.00000000	0.00000000	0.00000000	0.00000000	0.00000000	0.00000000	0.00000000	0.00000000	0.00000000	0.00000000	0.00000000	0.00000000
0.00000000	0.00000500	0.00000000	0.00000500	0.00000000	0.00000000	0.00000000	0.00000000	0.00000000	0.00000500	0.00000000	0.00000000	0.00000000	0.00000000	0.00000000	0.00000000	0.00000000	0.00000000	0.00000500	0.00000000	0.00000500	0.00000000	0.00000000	0.00000000	0.00000000	0.00000000	0.00000000	0.00000000	0.00000000	0.00000000	0.00000000
0.00000500	0.00000000	0.00000500	0.00000500	0.00000000	0.00000000	0.00000500	0.00000500	0.00000000	0.00000000	0.00000000	0.00000500	0.00000000	0.00000000	0.00000000	0.00000000	0.00000500	0.00000000	0.00000000	0.00000000	0.00000000	0.00000500	0.00000500	0.00000000	0.00000000	0.00000000	0.00000000	0.00000000	0.00000000	0.00000500	0.00000000
0.00000500	0.00000500	0.00000500	0.00000000	0.00000000	0.00000000	0.00000000	0.00000000	0.00000000	0.00000000	0.00000000	0.00000000	0.00000000	0.00000000	0.00000000	0.00000000	0.00000000	0.00000000	0.00000500	0.00000000	0.00000000	0.00000500	0.00000500	0.00000000	0.00000500	0.00000000	0.00000500	0.00000000	0.00000000	0.00000000	0.00000000
0.00000000	0.00000500	0.00000000	0.00000000	0.00000000	0.00000000	0.00000000	0.00000500	0.00000000	0.00000000	0.00000000	0.00000000	0.00000000	0.00000500	0.00000500	0.00000000	0.00000000	0.00000000	0.00000000	0.00000000	0.00000000	0.00000000	0.00000000	0.00000000	0.00000000	0.00000000	0.00000500	0.00000000	0.00000000	0.00000000	0.00000000
0.00000000	0.00000000	0.00000000	0.00000000	0.00000500	0.00000000	0.00000500	0.00000000	0.00000500	0.00000000	0.00000000	0.00000000	0.00000500	0.00000000	0.00000000	0.00000000	0.00000000	0.00000500	0.00000500	0.00000000	0.00000500	0.00000000	0.00000500	0.00000000	0.00000000	0.00000500	0.00000000	0.00000000	0.00000000	0.00000000	0.00000000
0.00000500	0.00000000	0.00000500	0.00000500	0.00000500	0.00000000	0.00000500	0.00000500	0.00000000	0.00000000	0.00000000	0.00000000	0.00000000	0.00000000	0.00000000	0.00000000	0.00000500	0.00000000	0.00000000	0.00000000	0.00000500	0.00000000	0.00000000	0.00000000	0.00000000	0.00000000	0.00000000	0.00000000	0.00000500	0.00000000	0.00000000
0.00000000	0.00000500	0.00000000	0.00000000	0.00000500	0.00000500	0.00000000	0.00000500	0.00000500	0.00000000	0.00000000	0.00000000	0.00000000	0.00000000	0.00000000	0.00000000	0.00000500	0.00000000	0.00000000	0.00000000	0.00000000	0.00000000	0.00000000	0.00000000	0.00000000	0.00000000	0.00000000	0.00000000	0.00000000	0.00000000	0.00000000
0.00000000	0.00000000	0.00000000	0.00000500	0.00000500	0.00000500	0.00000000	0.00000000	0.00000000	0.00000500	0.00000000	0.00000000	0.00000000	0.00000000	0.00000000	0.00000500	0.00000000	0.00000000	0.00000000	0.00000000	0.00000000	0.00000000	0.00000000	0.00000000	0.00000000	0.00000000	0.00000000	0.00000000	0.00000000	0.00000000	0.00000000
0.00000000	0.00000000	0.00000000	0.00000000	0.00000000	0.00000000	0.00000000	0.00000500	0.00000000	0.00000000	0.00000000	0.00000000	0.00000500	0.00000000	0.00000000	0.00000000	0.00000000	0.00000000	0.00000000	0.00000000	0.00000000	0.00000000	0.00000000	0.00000000	0.00000000	0.00000000	0.00000000	0.00000000	0.00000000	0.00000000	0.00000000
0.00000000	0.00000500	0.00000500	0.00000000	0.00000000	0.00000500	0.00000000	0.00000000	0.00000500	0.00000000	0.00000000	0.00000000	0.00000500	0.00000000	0.00000000	0.00000000	0.00000000	0.00000000	0.00000000	0.00000000	0.00000000	0.00000000	0.00000000	0.00000000	0.00000000	0.00000000	0.00000000	0.00000000	0.00000000	0.00000000	0.00000000
0.00000500	0.00000500	0.00000500	0.00000500	0.00000000	0.00000000	0.00000500	0.00000000	0.00000500	0.00000000	0.00000000	0.00000000	0.00000000	0.00000000	0.00000000	0.00000000	0.00000000	0.00000000	0.00000500	0.00000000	0.00000000	0.00000000	0.00000000	0.00000000	0.00000500	0.00000000	0.00000000	0.00000000	0.00000000	0.00000500	0.00000000
0.00000500	0.00000000	0.00000000	0.00000000	0.00000500	0.00000500	0.00000000	0.00000000	0.00000000	0.00000000	0.00000000	0.00000000	0.00000000	0.00000500	0.00000000	0.00000000	0.00000000	0.00000500	0.00000000	0.00000000	0.00000000	0.00000500	0.00000000	0.00000000	0.00000000	0.00000000	0.00000000	0.00000000	0.00000000	0.00000000	0.00000000
0.00000500	0.00000000	0.00000500	0.00000500	0.00000000	0.00000000	0.00000000	0.00000000	0.00000000	0.00000000	0.00000000	0.00000000	0.00000500	0.00000000	0.00000000	0.00000000	0.00000000	0.00000000	0.00000000	0.00000000	0.00000000	0.00000000	0.00000000	0.00000000	0.00000000	0.00000000	0.00000000	0.00000000	0.00000000	0.00000000	0.00000000
0.00000000	0.00000000	0.00000500	0.00000000	0.00000000	0.00000000	0.00000000	0.00000000	0.00000500	0.00000000	0.00000000	0.00000500	0.00000500	0.00000000	0.00000500	0.00000000	0.00000000	0.00000000	0.00000000	0.00000000	0.00000500	0.00000000	0.00000000	0.00000000	0.00000000	0.00000000	0.00000000	0.00000500	0.00000000	0.00000000	0.00000000
0.00000500	0.00000000	0.00000000	0.00000500	0.00000500	0.00000000	0.00000500	0.00000500	0.00000000	0.00000000	0.00000500	0.00000000	0.00000000	0.00000000	0.00000000	0.00000000	0.00000000	0.00000000	0.00000000	0.00000000	0.00000000	0.00000000	0.00000000	0.00000000	0.00000000	0.00000000	0.00000000	0.00000000	0.00000000	0.00000000	0.00000000
0.00000000	0.00000500	0.00000000	0.00000000	0.00000500	0.00000000	0.00000500	0.00000000	0.00000000	0.00000000	0.00000000	0.00000000	0.00000000	0.00000000	0.00000000	0.00000000	0.00000000	0.00000000	0.00000000	0.00000500	0.00000500	0.00000000	0.00000500	0.00000000	0.00000000	0.00000000	0.00000000	0.00000000	0.00000000	0.00000000	0.00000000
0.00000500	0.00000500	0.00000000	0.00000500	0.00000000	0.00000000	0.00000500	0.00000000	0.00000500	0.00000000	0.00000500	0.00000000	0.00000000	0.00000000	0.00000000	0.00000000	0.00000500	0.00000500	0.00000000	0.00000500	0.00000000	0.00000000	0.00000000	0.00000000	0.00000000	0.00000500	0.00000000	0.00000000	0.00000500	0.00000000	0.00000000
0.00000500	0.00000000	0.00000500	0.00000000	0.00000000	0.00000000	0.00000000	0.00000500	0.00000000	0.00000000	0.00000000	0.00000000	0.00000000	0.00000500	0.00000000	0.00000000	0.00000000	0.00000000	0.00000000	0.00000500	0.00000000	0.00000000	0.00000000	0.00000000	0.00000000	0.00000000	0.00000000	0.00000000	0.00000000	0.00000000	0.00000000
0.00000000	0.00000500	0.00000000	0.00000000	0.00000500	0.00000000	0.00000000	0.00000000	0.00000000	0.00000000	0.00000000	0.00000000	0.00000000	0.00000500	0.00000000	0.00000000	0.00000000	0.00000000	0.00000000	0.00000000	0.00000000	0.00000000	0.00000000	0.00000000	0.00000000	0.00000000	0.00000000	0.00000500	0.00000000	0.00000000	0.00000000
0.00000000	0.00000000	0.00000000	0.00000500	0.00000000	0.00000500	0.00000500	0.00000000	0.00000000	0.00000000	0.00000000	0.00000000	0.00000000	0.00000000	0.00000000	0.00000000	0.00000000	0.00000000	0.00000500	0.00000000	0.00000000	0.00000000	0.00000000	0.00000000	0.00000000	0.00000000	0.00000000	0.00000000	0.00000000	0.00000000	0.00000000
0.00000000	0.00000500	0.00000000	0.00000500	0.00000000	0.00000000	0.00000500	0.00000000	0.00000000	0.00000500	0.00000500	0.00000000	0.00000000	0.00000000	0.00000000	0.00000000	0.00000000	0.00000000	0.00000000	0.00000000	0.00000000	0.00000000	0.00000000	0.00000500	0.00000000	0.00000000	0.00000000	0.00000000	0.00000000	0.00000000	0.00000000
0.00000000	0.00000500	0.00000000	0.00000000	0.00000000	0.00000500	0.00000500	0.00000000	0.00000500	0.00000000	0.00000500	0.00000000	0.00000000	0.00000500	0.00000000	0.00000500	0.00000000	0.00000000	0.00000000	0.00000000	0.00000000	0.00000000	0.00000000	0.00000000	0.00000000	0.00000000	0.00000000	0.00000000	0.00000000	0.00000000	0.00000000
0.00000000	0.00000000	0.00000500	0.00000500	0.00000500	0.00000500	0.00000000	0.00000000	0.00000000	0.00000000	0.00000500	0.00000500	0.00000000	0.00000000	0.00000000	0.00000000	0.00000500	0.00000000	0.00000000	0.00000000	0.00000000	0.00000000	0.00000000	0.00000000	0.00000000	0.00000000	0.00000000	0.00000000	0.00000000	0.00000000	0.00000000
0.00000500	0.00000000	0.00000000	0.00000000	0.00000000	0.00000000	0.00000500	0.00000000	0.00000000	0.00000500	0.00000000	0.00000500	0.00000000	0.00000000	0.00000500	0.00000500	0.00000000	0.00000000	0.00000000	0.00000000	0.00000000	0.00000000	0.00000000	0.00000000	0.00000000	0.00000000	0.00000000	0.00000000	0.00000000	0.00000000	0.00000000
0.00000500	0.00000000	0.00000000	0.00000500	0.00000500	0.00000000	0.00000500	0.00000000	0.00000000	0.00000000	0.00000000	0.00000000	0.00000000	0.00000000	0.00000000	0.00000000	0.00000000	0.00000000	0.00000000	0.00000000	0.00000000	0.00000000	0.00000000	0.00000000	0.00000000	0.00000000	0.00000000	0.00000000	0.00000000	0.00000000	0.00000000
0.00000000	0.00000000	0.00000500	0.00000000	0.00000000	0.00000000	0.00000000	0.00000500	0.00000000	0.00000000	0.00000000	0.00000000	0.00000000	0.00000500	0.00000000	0.00000000	0.00000000	0.00000500	0.00000000	0.00000000	0.00000000	0.00000000	0.00000000	0.00000500	0.00000000	0.00000000	0.00000000	0.00000000	0.00000500	0.00000000	0.00000000
0.00000500	0.00000000	0.00000500	0.00000000	0.00000000	0.00000500	0.00000000	0.00000000	0.00000500	0.00000000	0.00000000	0.00000000	0.00000500	0.00000500	0.00000000	0.00000500	0.00000000	0.00000000	0.00000000	0.00000000	0.00000000	0.00000000	0.00000000	0.00000000	0.00000000	0.00000000	0.00000000	0.00000000	0.00000000	0.00000000	0.00000000
0.00000500	0.00000500	0.00000000	0.00000000	0.00000000	0.00000000	0.00000000	0.00000500	0.00000000	0.00000000	0.00000500	0.00000500	0.00000000	0.00000000	0.00000000	0.00000000	0.00000000	0.00000500	0.00000000	0.00000000	0.00000000	0.00000500	0.00000000	0.00000500	0.00000000	0.00000000	0.00000500	0.00000000	0.00000000	0.00000000	0.00000000
0.00000000	0.00000000	0.00000000	0.00000000	0.00000000	0.00000500	0.00000500	0.00000000	0.00000000	0.00000000	0.00000000	0.00000000	0.00000000	0.00000000	0.00000000	0.00000000	0.00000000	0.00000000	0.00000000	0.00000000	0.00000000	0.00000000	0.00000000	0.00000000	0.00000000	0.00000000	0.00000000	0.00000500	0.00000000	0.00000000	0.00000000
0.00000500	0.00000000	0.00000500	0.00000500	0.00000000	0.00000000	0.00000000	0.00000000	0.00000500	0.00000500	0.00000000	0.00000000	0.00000000	0.00000000	0.00000500	0.00000000	0.00000000	0.00000000	0.00000000	0.00000000	0.00000000	0.00000000	0.00000000	0.00000000	0.00000000	0.00000000	0.00000000	0.00000000	0.00000000	0.00000000	0.00000000
0.00000500	0.00000000	0.00000000	0.00000500	0.00000000	0.00000000	0.00000500	0.00000000	0.00000000	0.00000000	0.00000000	0.00000000	0.00000000	0.00000000	0.00000000	0.00000000	0.00000000	0.00000000	0.00000000	0.00000000	0.00000000	0.00000000	0.00000000	0.00000000	0.00000000	0.00000000	0.00000000	0.00000000	0.00000000	0.00000000	0.00000000
0.00000500	0.00000500	0.00000000	0.00000500	0.00000500	0.00000500	0.00000000	0.00000000	0.00000000	0.00000500	0.00000000	0.00000000	0.00000000	0.00000500	0.00000000	0.00000000	0.00000000	0.00000000	0.00000000	0.00000000	0.00000000	0.00000000	0.00000000	0.00000000	0.00000000	0.00000000	0.00000000	0.00000000	0.00000000	0.00000500	0.00000000
0.00000500	0.00000500	0.00000000	0.00000000	0.00000000	0.00000000	0.00000000	0.00000000	0.00000000	0.00000000	0.00000000	0.00000000	0.00000500	0.00000000	0.00000500	0.00000000	0.00000000	0.00000000	0.00000000	0.00000000	0.00000000	0.00000000	0.00000000	0.00000000	0.00000000	0.00000000	0.00000500	0.00000000	0.00000000	0.00000000	0.00000000
0.00000000	0.00000000	0.00000000	0.00000000	0.00000000	0.00000000	0.00000000	0.00000000	0.00000500	0.00000000	0.00000000	0.00000500	0.00000000	0.00000000	0.00000000	0.00000500	0.00000000	0.00000000	0.00000000	0.00000000	0.00000000	0.00000000	0.00000000	0.00000500	0.00000000	0.00000500	0.00000000	0.00000000	0.00000000	0.00000000	0.00000000
0.00000000	0.00000000	0.00000000	0.00000000	0.00000500	0.00000000	0.00000500	0.00000000	0.00000000	0.00000500	0.00000000	0.00000000	0.00000000	0.00000000	0.00000000	0.00000000	0.00000500	0.00000000	0.00000000	0.00000000	0.00000000	0.00000000	0.00000000	0.00000000	0.00000000	0.00000000	0.00000000	0.00000000	0.00000000	0.00000000	0.00000000
0.00000500	0.00000500	0.00000000	0.00000000	0.00000000	0.00000000	0.00000000	0.00000000	0.00000000	0.00000000	0.00000500	0.00000000	0.00000500	0.00000000	0.00000000	0.00000000	0.00000000	0.00000000	0.00000000	0.00000000	0.00000000	0.00000000	0.00000000	0.00000000	0.00000000	0.00000000	0.00000000	0.00000000	0.00000000	0.00000000	0.00000000
0.00000500	0.00000500	0.00000500	0.00000000	0.00000000	0.00000000	0.00000500	0.00000000	0.00000500	0.00000000	0.00000000	0.00000000	0.00000000	0.00000500	0.00000000	0.00000000	0.00000000	0.00000000	0.00000500	0.00000000	0.00000500	0.00000500	0.00000000	0.00000000	0.00000000	0.00000000	0.00000000	0.00000500	0.00000000	0.00000000	0.00000000
0.00000500	0.00000500	0.00000000	0.00000000	0.00000000	0.00000500	0.00000000	0.00000000	0.00000500	0.00000500	0.00000000	0.00000000	0.00000000	0.00000500	0.00000000	0.00000000	0.00000000	0.00000000	0.00000000	0.00000500	0.00000000	0.00000000	0.00000000	0.00000000	0.00000000	0.00000000	0.00000000	0.00000000	0.00000000	0.00000500	0.00000000
0.00000000	0.00000500	0.00000500	0.00000000	0.00000000	0.00000000	0.00000000	0.00000000	0.00000000	0.00000000	0.00000500	0.00000000	0.00000000	0.00000000	0.00000500	0.00000000	0.00000000	0.00000000	0.00000000	0.00000000	0.00000000	0.00000000	0.00000000	0.00000000	0.00000000	0.00000000	0.00000000	0.00000000	0.00000000	0.00000000	0.00000000
0.00000500	0.00000500	0.00000000	0.00000000	0.00000000	0.00000000	0.00000500	0.00000000	0.00000000	0.00000500	0.00000000	0.00000000	0.00000000	0.00000000	0.00000000	0.00000000	0.00000000	0.00000000	0.00000000	0.00000500	0.00000000	0.00000000	0.00000000	0.00000000	0.00000000	0.00000500	0.00000000	0.00000000	0.00000000	0.00000000	0.00000000
0.00000500	0.00000000	0.00000000	0.00000000	0.00000000	0.00000000	0.00000000	0.00000000	0.00000000	0.00000000	0.00000500	0.00000500	0.00000000	0.00000500	0.00000000	0.00000500	0.00000000	0.00000000	0.00000000	0.00000000	0.00000500	0.00000000	0.00000000	0.00000000	0.00000000	0.00000000	0.00000000	0.00000000	0.00000000	0.00000000	0.00000000
0.00000000	0.00000000	0.00000500	0.00000000	0.00000000	0.00000000	0.00000000	0.00000000	0.00000000	0.00000500	0.00000000	0.00000000	0.00000000	0.00000500	0.00000000	0.00000000	0.00000000	0.00000000	0.00000000	0.00000000	0.00000000	0.00000500	0.00000000	0.00000000	0.00000500	0.00000000	0.00000000	0.00000000	0.00000000	0.00000000	0.00000000
0.00000000	0.00000000	0.00000000	0.00000000	0.00000500	0.00000500	0.00000000	0.00000500	0.00000500	0.00000000	0.00000000	0.00000000	0.00000000	0.00000000	0.00000000	0.00000500	0.00000000	0.00000500	0.00000000	0.00000500	0.00000000	0.00000500	0.00000000	0.00000000	0.00000000	0.00000000	0.00000000	0.00000500	0.00000000	0.00000500	0.00000000
0.00000500	0.00000000	0.00000000	0.00000500	0.00000000	0.00000000	0.00000000	0.00000500	0.00000000	0.00000000	0.00000000	0.00000500	0.00000000	0.00000000	0.00000000	0.00000000	0.00000000	0.00000000	0.00000000	0.00000000	0.00000000	0.00000500	0.00000000	0.00000000	0.00000000	0.00000000	0.00000000	0.00000000	0.00000000	0.00000000	0.00000000
0.00000000	0.00000000	0.00000000	0.00000500	0.00000500	0.00000500	0.00000000	0.00000000	0.00000500	0.00000000	0.00000000	0.00000000	0.00000500	0.00000000	0.00000000	0.00000000	0.00000500	0.00000000	0.00000000	0.00000000	0.00000000	0.00000000	0.00000500	0.00000000	0.00000000	0.00000000	0.00000000	0.00000000	0.00000000	0.00000000	0.00000000
0.00000000	0.00000000	0.00000000	0.00000500	0.00000000	0.00000000	0.00000500	0.00000500	0.00000500	0.00000500	0.00000500	0.00000500	0.00000500	0.00000000	0.00000500	0.00000000	0.00000000	0.00000000	0.00000000	0.00000000	0.00000000	0.00000000	0.00000500	0.00000000	0.00000500	0.00000000	0.00000000	0.00000000	0.00000000	0.00000000	0.00000000
0.00000000	0.00000000	0.00000000	0.00000000	0.00000000	0.00000000	0.00000000	0.00000000	0.00000000	0.00000000	0.00000000	0.00000000	0.00000000	0.00000000	0.00000000	0.00000000	0.00000000	0.00000000	0.00000000	0.00000000	0.00000000	0.00000500	0.00000000	0.00000000	0.00000000	0.00000000	0.00000000	0.00000000	0.00000000	0.00000000	0.00000000
0.00000500	0.00000000	0.00000500	0.00000500	0.00000000	0.00000500	0.00000000	0.00000000	0.00000000	0.00000000	0.00000000	0.00000000	0.00000000	0.00000000	0.00000000	0.00000000	0.00000000	0.00000000	0.00000000	0.00000000	0.00000000	0.00000000	0.00000000	0.00000500	0.00000000	0.00000000	0.00000000	0.00000000	0.00000000	0.00000000	0.00000000
0.00000500	0.00000500	0.00000500	0.00000000	0.00000000	0.00000000	0.00000000	0.00000000	0.00000500	0.00000000	0.00000000	0.00000000	0.00000000	0.00000000	0.00000000	0.00000000	0.00000500	0.00000000	0.00000000	0.00000000	0.00000000	0.00000000	0.00000000	0.00000000	0.00000000	0.00000000	0.00000000	0.00000000	0.00000000	0.00000000	0.00000000
0.00000000	0.00000000	0.00000000	0.00000500	0.00000500	0.00000000	0.00000000	0.00000000	0.00000000	0.00000000	0.00000500	0.00000000	0.00000000	0.00000000	0.00000500	0.00000000	0.00000000	0.00000000	0.00000000	0.00000000	0.00000000	0.00000500	0.00000000	0.00000500	0.00000500	0.00000500	0.00000000	0.00000500	0.00000000	0.00000000	0.00000000
0.00000500	0.00000500	0.00000000	0.00000000	0.00000000	0.00000500	0.00000500	0.00000500	0.00000000	0.00000000	0.00000000	0.00000500	0.00000000	0.00000000	0.00000000	0.00000500	0.00000000	0.00000000	0.00000000	0.00000000	0.00000000	0.00000000	0.00000000	0.00000000	0.00000500	0.00000000	0.00000000	0.00000000	0.00000000	0.00000000	0.00000000
0.00000500	0.00000000	0.00000500	0.00000000	0.00000000	0.00000000	0.00000000	0.00000500	0.00000000	0.00000000	0.00000000	0.00000000	0.00000000	0.00000000	0.00000000	0.00000000	0.00000500	0.00000000	0.00000500	0.00000000	0.00000500	0.00000000	0.00000000	0.00000000	0.00000000	0.00000000	0.00000000	0.00000000	0.00000500	0.00000000	0.00000000
3000.00000000	3000.00000000	3000.00000000	3000.00000000	3000.00000000	3000.00000000	3000.00000000	3000.00000000	3000.00000000	3000.00000000	3000.00000000	3000.00000000	3000.00000000	3000.00000000	3000.00000000	3000.00000000	3000.00000000	3000.00000000	3000.00000000	3000.00000000	3000.00000000	3000.00000000	3000.00000000	3000.00000000	3000.00000000	3000.00000000	3000.00000000	3000.00000000	3000.00000000	3000.00000000	3000.00000000
0.00010000	0.00010000	0.00010000	0.00010000	0.00010000	0.00010000	0.00010000	0.00010000	0.00010000	0.00010000	0.00010000	0.00010000	0.00010000	0.00010000	0.00010000	0.00010000	0.00010000	0.00010000	0.00010000	0.00010000	0.00010000	0.00010000	0.00010000	0.00010000	0.00010000	0.00010000	0.00010000	0.00010000	0.00010000	0.00010000	0.00010000
0.00001000	0.00001000	0.00001000	0.00001000	0.00001000	0.00001000	0.00001000	0.00001000	0.00001000	0.00001000	0.00001000	0.00001000	0.00001000	0.00001000	0.00001000	0.00001000	0.00001000	0.00001000	0.00001000	0.00001000	0.00001000	0.00001000	0.00001000	0.00001000	0.00001000	0.00001000	0.00001000	0.00001000	0.00001000	0.00001000	0.00001000
0.00000000	0.00000000	0.00000000	0.00000000	0.00000000	0.00000000	0.00000000	0.00000000	0.00000000	0.00000000	0.00000000	0.00000000	0.00000000	0.00000000	0.00000000	0.00000000	0.00000000	0.00000000	0.00000000	0.00000000	0.00000000	0.00000000	0.00000000	0.00000000	0.00000000	0.00000000	0.00000000	0.00000000	0.00000000	0.00000000	0.00000000
0.03000000	0.03000000	0.03000000	0.03000000	0.03000000	0.03000000	0.03000000	0.03000000	0.03000000	0.03000000	0.03000000	0.03000000	0.03000000	0.03000000	0.03000000	0.03000000	0.03000000	0.03000000	0.03000000	0.03000000	0.03000000	0.03000000	0.03000000	0.03000000	0.03000000	0.03000000	0.03000000	0.03000000	0.03000000	0.03000000	0.03000000
