0.00000300	0.00000300	0.00000300	0.00000300	0.00000600	0.00000600	0.00000600	0.00000600	0.00000900	0.00000900	0.00000900	0.00000000	0.00001200	0.00001200	0.00001200	0.00001200	0.00001500	0.00000000	0.00000000	0.00000000	0.00001800	0.00001800	0.00000000	0.00000000	0.00002100	0.00000000	0.00000000	0.00002100	0.00000000	0.00000000	0.00000000
0.00000300	0.00000000	0.00000300	0.00000300	0.00000600	0.00000000	0.00000600	0.00000600	0.00000900	0.00000900	0.00000900	0.00000900	0.00001200	0.00001200	0.00001200	0.00000000	0.00000000	0.00000000	0.00000000	0.00000000	0.00000000	0.00000000	0.00001800	0.00001800	0.00000000	0.00002100	0.00002100	0.00000000	0.00002400	0.00000000	0.00002400
0.00000300	0.00000300	0.00000300	0.00000300	0.00000600	0.00000600	0.00000000	0.00000600	0.00000000	0.00000900	0.00000900	0.00000900	0.00001200	0.00001200	0.00001200	0.00001200	0.00001500	0.00001500	0.00001500	0.00000000	0.00000000	0.00000000	0.00000000	0.00000000	0.00000000	0.00002100	0.00000000	0.00000000	0.00000000	0.00000000	0.00000000
0.00000300	0.00000300	0.00000300	0.00000000	0.00000600	0.00000000	0.00000600	0.00000600	0.00000000	0.00000900	0.00000000	0.00000900	0.00001200	0.00000000	0.00000000	0.00001200	0.00001500	0.00001500	0.00000000	0.00000000	0.00000000	0.00001800	0.00000000	0.00001800	0.00002100	0.00000000	0.00002100	0.00000000	0.00000000	0.00000000	0.00000000
0.00000300	0.00000300	0.00000300	0.00000300	0.00000000	0.00000000	0.00000000	0.00000600	0.00000900	0.00000900	0.00000900	0.00000900	0.00000000	0.00001200	0.00001200	0.00000000	0.00000000	0.00000000	0.00000000	0.00001500	0.00000000	0.00001800	0.00001800	0.00001800	0.00000000	0.00000000	0.00000000	0.00000000	0.00000000	0.00002400	0.00000000
0.00000300	0.00000000	0.00000300	0.00000300	0.00000000	0.00000000	0.00000600	0.00000600	0.00000900	0.00000900	0.00000000	0.00000000	0.00000000	0.00001200	0.00001200	0.00001200	0.00001500	0.00001500	0.00000000	0.00000000	0.00000000	0.00001800	0.00000000	0.00001800	0.00000000	0.00000000	0.00000000	0.00002100	0.00000000	0.00002400	0.00000000
0.00000300	0.00000300	0.00000300	0.00000300	0.00000600	0.00000600	0.00000600	0.00000600	0.00000000	0.00000900	0.00000000	0.00000900	0.00001200	0.00000000	0.00001200	0.00000000	0.00000000	0.00001500	0.00001500	0.00001500	0.00000000	0.00001800	0.00000000	0.00000000	0.00000000	0.00000000	0.00000000	0.00000000	0.00000000	0.00000000	0.00000000
0.00000300	0.00000300	0.00000300	0.00000000	0.00000600	0.00000600	0.00000000	0.00000600	0.00000000	0.00000900	0.00000900	0.00000900	0.00000000	0.00001200	0.00000000	0.00001200	0.00001500	0.00001500	0.00001500	0.00000000	0.00000000	0.00001800	0.00000000	0.00000000	0.00002100	0.00000000	0.00000000	0.00000000	0.00000000	0.00000000	0.00000000
0.00000300	0.00000300	0.00000300	0.00000300	0.00000000	0.00000600	0.00000600	0.00000600	0.00000900	0.00000900	0.00000000	0.00000000	0.00000000	0.00001200	0.00001200	0.00001200	0.00000000	0.00000000	0.00000000	0.00001500	0.00000000	0.00000000	0.00000000	0.00001800	0.00000000	0.00000000	0.00000000	0.00002100	0.00000000	0.00000000	0.00000000
0.00000300	0.00000300	0.00000300	0.00000300	0.00000000	0.00000600	0.00000600	0.00000600	0.00000900	0.00000000	0.00000900	0.00000000	0.00001200	0.00000000	0.00000000	0.00001200	0.00000000	0.00001500	0.00000000	0.00000000	0.00000000	0.00000000	0.00001800	0.00000000	0.00000000	0.00002100	0.00002100	0.00000000	0.00000000	0.00000000	0.00000000
0.00000300	0.00000300	0.00000300	0.00000000	0.00000600	0.00000600	0.00000600	0.00000600	0.00000000	0.00000900	0.00000000	0.00000900	0.00000000	0.00001200	0.00001200	0.00001200	0.00000000	0.00000000	0.00001500	0.00001500	0.00000000	0.00000000	0.00000000	0.00000000	0.00000000	0.00000000	0.00000000	0.00000000	0.00000000	0.00000000	0.00000000
0.00000300	0.00000300	0.00000300	0.00000300	0.00000000	0.00000000	0.00000000	0.00000600	0.00000000	0.00000900	0.00000900	0.00000900	0.00000000	0.00000000	0.00000000	0.00000000	0.00001500	0.00000000	0.00000000	0.00000000	0.00000000	0.00000000	0.00001800	0.00001800	0.00000000	0.00000000	0.00000000	0.00000000	0.00002400	0.00000000	0.00002400
0.00000000	0.00000000	0.00000000	0.00000300	0.00000000	0.00000600	0.00000000	0.00000000	0.00000900	0.00000000	0.00000000	0.00000900	0.00001200	0.00001200	0.00000000	0.00000000	0.00000000	0.00001500	0.00001500	0.00001500	0.00000000	0.00000000	0.00001800	0.00000000	0.00000000	0.00000000	0.00000000	0.00000000	0.00002400	0.00002400	0.00000000
0.00000300	0.00000300	0.00000300	0.00000300	0.00000000	0.00000600	0.00000000	0.00000000	0.00000900	0.00000000	0.00000000	0.00000900	0.00000000	0.00000000	0.00001200	0.00001200	0.00000000	0.00000000	0.00001500	0.00000000	0.00000000	0.00000000	0.00001800	0.00000000	0.00000000	0.00000000	0.00000000	0.00002100	0.00000000	0.00000000	0.00000000
0.00000300	0.00000300	0.00000300	0.00000300	0.00000600	0.00000000	0.00000600	0.00000600	0.00000000	0.00000900	0.00000900	0.00000000	0.00001200	0.00000000	0.00000000	0.00000000	0.00001500	0.00000000	0.00000000	0.00000000	0.00001800	0.00000000	0.00000000	0.00000000	0.00000000	0.00000000	0.00000000	0.00000000	0.00000000	0.00000000	0.00000000
0.00000300	0.00000000	0.00000300	0.00000300	0.00000000	0.00000600	0.00000600	0.00000600	0.00000000	0.00000000	0.00000000	0.00000900	0.00000000	0.00000000	0.00000000	0.00000000	0.00000000	0.00000000	0.00000000	0.00001500	0.00000000	0.00001800	0.00000000	0.00000000	0.00000000	0.00000000	0.00000000	0.00002100	0.00002400	0.00000000	0.00000000
0.00000300	0.00000000	0.00000300	0.00000300	0.00000000	0.00000000	0.00000600	0.00000600	0.00000900	0.00000900	0.00000000	0.00000000	0.00000000	0.00000000	0.00000000	0.00000000	0.00001500	0.00000000	0.00000000	0.00001500	0.00001800	0.00000000	0.00000000	0.00000000	0.00000000	0.00000000	0.00000000	0.00000000	0.00000000	0.00000000	0.00002400
0.00000300	0.00000300	0.00000000	0.00000300	0.00000600	0.00000000	0.00000600	0.00000000	0.00000000	0.00000000	0.00000000	0.00000900	0.00001200	0.00000000	0.00000000	0.00001200	0.00000000	0.00001500	0.00001500	0.00000000	0.00000000	0.00000000	0.00000000	0.00000000	0.00000000	0.00000000	0.00002100	0.00000000	0.00000000	0.00000000	0.00000000
0.00000300	0.00000300	0.00000000	0.00000300	0.00000600	0.00000600	0.00000000	0.00000600	0.00000900	0.00000000	0.00000000	0.00000000	0.00000000	0.00000000	0.00000000	0.00001200	0.00000000	0.00000000	0.00001500	0.00000000	0.00000000	0.00000000	0.00000000	0.00000000	0.00002100	0.00000000	0.00000000	0.00000000	0.00000000	0.00000000	0.00000000
0.00000000	0.00000300	0.00000000	0.00000300	0.00000600	0.00000600	0.00000000	0.00000000	0.00000900	0.00000000	0.00000000	0.00000900	0.00000000	0.00001200	0.00000000	0.00001200	0.00000000	0.00001500	0.00000000	0.00000000	0.00000000	0.00000000	0.00000000	0.00000000	0.00000000	0.00000000	0.00000000	0.00000000	0.00000000	0.00000000	0.00000000
0.00000300	0.00000300	0.00000000	0.00000300	0.00000600	0.00000000	0.00000000	0.00000000	0.00000000	0.00000000	0.00000000	0.00000000	0.00001200	0.00000000	0.00001200	0.00000000	0.00000000	0.00000000	0.00001500	0.00000000	0.00000000	0.00000000	0.00000000	0.00000000	0.00000000	0.00000000	0.00000000	0.00002100	0.00000000	0.00000000	0.00000000
0.00000000	0.00000300	0.00000000	0.00000000	0.00000600	0.00000000	0.00000600	0.00000000	0.00000000	0.00000000	0.00000000	0.00000000	0.00000000	0.00000000	0.00001200	0.00000000	0.00000000	0.00001500	0.00001500	0.00000000	0.00000000	0.00001800	0.00000000	0.00000000	0.00000000	0.00000000	0.00002100	0.00000000	0.00000000	0.00000000	0.00000000
0.00000300	0.00000300	0.00000000	0.00000000	0.00000600	0.00000600	0.00000000	0.00000000	0.00000900	0.00000000	0.00000000	0.00000000	0.00000000	0.00000000	0.00001200	0.00001200	0.00000000	0.00000000	0.00000000	0.00000000	0.00000000	0.00000000	0.00000000	0.00000000	0.00000000	0.00000000	0.00000000	0.00000000	0.00000000	0.00000000	0.00000000
0.00000300	0.00000000	0.00000300	0.00000000	0.00000000	0.00000000	0.00000000	0.00000600	0.00000000	0.00000000	0.00000000	0.00000000	0.00000000	0.00001200	0.00000000	0.00000000	0.00000000	0.00000000	0.00000000	0.00000000	0.00001800	0.00000000	0.00000000	0.00000000	0.00000000	0.00002100	0.00000000	0.00000000	0.00000000	0.00000000	0.00000000
0.00000000	0.00000300	0.00000300	0.00000300	0.00000000	0.00000600	0.00000600	0.00000000	0.00000000	0.00000000	0.00000000	0.00000000	0.00000000	0.00000000	0.00000000	0.00000000	0.00000000	0.00000000	0.00000000	0.00000000	0.00001800	0.00000000	0.00000000	0.00000000	0.00000000	0.00000000	0.00000000	0.00000000	0.00000000	0.00000000	0.00000000
0.00000300	0.00000000	0.00000300	0.00000000	0.00000000	0.00000600	0.00000000	0.00000000	0.00000000	0.00000000	0.00000000	0.00000000	0.00001200	0.00000000	0.00001200	0.00000000	0.00000000	0.00000000	0.00000000	0.00001500	0.00000000	0.00000000	0.00000000	0.00000000	0.00000000	0.00000000	0.00000000	0.00000000	0.00000000	0.00000000	0.00000000
0.00000300	0.00000000	0.00000000	0.00000000	0.00000000	0.00000600	0.00000600	0.00000000	0.00000000	0.00000900	0.00000000	0.00000000	0.00001200	0.00000000	0.00001200	0.00000000	0.00000000	0.00000000	0.00000000	0.00000000	0.00000000	0.00000000	0.00000000	0.00000000	0.00000000	0.00000000	0.00000000	0.00000000	0.00000000	0.00000000	0.00000000
0.00000000	0.00000300	0.00000300	0.00000000	0.00000000	0.00000600	0.00000000	0.00000000	0.00000000	0.00000900	0.00000000	0.00000000	0.00000000	0.00000000	0.00000000	0.00000000	0.00000000	0.00000000	0.00000000	0.00000000	0.00000000	0.00000000	0.00000000	0.00000000	0.00000000	0.00002100	0.00000000	0.00000000	0.00000000	0.00000000	0.00000000
0.00000300	0.00000000	0.00000300	0.00000000	0.00000000	0.00000000	0.00000600	0.00000000	0.00000000	0.00000000	0.00000000	0.00000000	0.00001200	0.00000000	0.00000000	0.00000000	0.00000000	0.00000000	0.00000000	0.00000000	0.00000000	0.00000000	0.00001800	0.00000000	0.00000000	0.00000000	0.00000000	0.00000000	0.00000000	0.00000000	0.00000000
0.00000300	0.00000000	0.00000300	0.00000000	0.00000000	0.00000000	0.00000000	0.00000600	0.00000000	0.00000000	0.00000900	0.00000000	0.00000000	0.00000000	0.00000000	0.00000000	0.00000000	0.00000000	0.00000000	0.00000000	0.00000000	0.00000000	0.00000000	0.00000000	0.00002100	0.00000000	0.00000000	0.00000000	0.00000000	0.00000000	0.00000000
0.00000000	0.00000000	0.00000300	0.00000300	0.00000000	0.00000600	0.00000000	0.00000000	0.00000000	0.00000900	0.00000000	0.00000900	0.00000000	0.00000000	0.00000000	0.00000000	0.00000000	0.00000000	0.00000000	0.00000000	0.00000000	0.00000000	0.00000000	0.00000000	0.00000000	0.00000000	0.00000000	0.00000000	0.00000000	0.00000000	0.00000000
0.00000000	0.00000300	0.00000000	0.00000300	0.00000000	0.00000000	0.00000000	0.00000000	0.00000000	0.00000000	0.00000000	0.00000000	0.00000000	0.00000000	0.00000000	0.00000000	0.00000000	0.00000000	0.00000000	0.00000000	0.00000000	0.00000000	0.00001800	0.00001800	0.00000000	0.00002100	0.00000000	0.00000000	0.00000000	0.00000000	0.00000000
0.00000000	0.00000300	0.00000000	0.00000000	0.00000600	0.00000600	0.00000000	0.00000000	0.00000000	0.00000000	0.00000900	0.00000000	0.00000000	0.00001200	0.00000000	0.00000000	0.00000000	0.00000000	0.00000000	0.00000000	0.00000000	0.00000000	0.00000000	0.00000000	0.00000000	0.00000000	0.00000000	0.00000000	0.00000000	0.00000000	0.00000000
0.00000000	0.00000000	0.00000300	0.00000000	0.00000000	0.00000000	0.00000600	0.00000000	0.00000000	0.00000000	0.00000900	0.00000000	0.00000000	0.00000000	0.00000000	0.00000000	0.00000000	0.00000000	0.00000000	0.00000000	0.00001800	0.00000000	0.00000000	0.00000000	0.00000000	0.00000000	0.00000000	0.00000000	0.00000000	0.00000000	0.00000000
0.00000000	0.00000000	0.00000000	0.00000300	0.00000000	0.00000600	0.00000000	0.00000000	0.00000000	0.00000000	0.00000900	0.00000000	0.00000000	0.00001200	0.00000000	0.00000000	0.00000000	0.00000000	0.00000000	0.00000000	0.00000000	0.00000000	0.00000000	0.00000000	0.00000000	0.00000000	0.00000000	0.00000000	0.00000000	0.00000000	0.00000000
0.00000000	0.00000000	0.00000000	0.00000000	0.00000000	0.00000000	0.00000600	0.00000000	0.00000900	0.00000000	0.00000000	0.00000000	0.00000000	0.00000000	0.00000000	0.00000000	0.00000000	0.00000000	0.00000000	0.00000000	0.00000000	0.00000000	0.00000000	0.00000000	0.00000000	0.00000000	0.00000000	0.00000000	0.00002400	0.00002400	0.00000000
0.00000000	0.00000000	0.00000000	0.00000000	0.00000000	0.00000000	0.00000600	0.00000000	0.00000000	0.00000000	0.00000900	0.00000000	0.00000000	0.00000000	0.00000000	0.00000000	0.00000000	0.00000000	0.00000000	0.00000000	0.00001800	0.00000000	0.00000000	0.00000000	0.00000000	0.00002100	0.00000000	0.00000000	0.00000000	0.00000000	0.00000000
0.00000000	0.00000300	0.00000000	0.00000000	0.00000000	0.00000600	0.00000000	0.00000000	0.00000000	0.00000000	0.00000000	0.00000000	0.00001200	0.00000000	0.00000000	0.00000000	0.00000000	0.00001500	0.00000000	0.00000000	0.00000000	0.00000000	0.00000000	0.00000000	0.00000000	0.00000000	0.00000000	0.00000000	0.00000000	0.00000000	0.00000000
0.00000000	0.00000000	0.00000000	0.00000000	0.00000000	0.00000000	0.00000600	0.00000000	0.00000000	0.00000000	0.00000000	0.00000000	0.00000000	0.00000000	0.00000000	0.00000000	0.00000000	0.00000000	0.00000000	0.00000000	0.00001800	0.00000000	0.00000000	0.00000000	0.00002100	0.00002100	0.00000000	0.00000000	0.00000000	0.00000000	0.00000000
0.00000000	0.00000000	0.00000000	0.00000300	0.00000600	0.00000000	0.00000000	0.00000600	0.00000000	0.00000000	0.00000000	0.00000000	0.00000000	0.00000000	0.00000000	0.00000000	0.00001500	0.00000000	0.00000000	0.00000000	0.00000000	0.00000000	0.00000000	0.00000000	0.00000000	0.00000000	0.00000000	0.00000000	0.00000000	0.00000000	0.00000000
0.00000300	0.00000000	0.00000000	0.00000000	0.00000600	0.00000000	0.00000000	0.00000000	0.00000000	0.00000000	0.00000000	0.00000000	0.00000000	0.00000000	0.00000000	0.00000000	0.00000000	0.00000000	0.00000000	0.00001500	0.00000000	0.00000000	0.00000000	0.00000000	0.00000000	0.00000000	0.00000000	0.00000000	0.00000000	0.00002400	0.00000000
0.00000000	0.00000000	0.00000000	0.00000300	0.00000000	0.00000000	0.00000000	0.00000000	0.00000900	0.00000000	0.00000000	0.00000000	0.00000000	0.00000000	0.00000000	0.00000000	0.00000000	0.00000000	0.00000000	0.00000000	0.00001800	0.00000000	0.00000000	0.00000000	0.00000000	0.00000000	0.00000000	0.00000000	0.00000000	0.00000000	0.00000000
0.00000000	0.00000300	0.00000000	0.00000000	0.00000000	0.00000000	0.00000000	0.00000000	0.00000900	0.00000000	0.00000000	0.00000900	0.00000000	0.00000000	0.00000000	0.00000000	0.00000000	0.00000000	0.00000000	0.00000000	0.00000000	0.00000000	0.00000000	0.00000000	0.00000000	0.00000000	0.00000000	0.00000000	0.00000000	0.00000000	0.00000000
0.00000000	0.00000300	0.00000300	0.00000000	0.00000600	0.00000000	0.00000000	0.00000000	0.00000000	0.00000000	0.00000000	0.00000000	0.00000000	0.00000000	0.00000000	0.00000000	0.00000000	0.00000000	0.00000000	0.00000000	0.00000000	0.00000000	0.00000000	0.00000000	0.00000000	0.00000000	0.00000000	0.00000000	0.00000000	0.00000000	0.00000000
0.00000300	0.00000300	0.00000000	0.00000000	0.00000000	0.00000000	0.00000000	0.00000000	0.00000000	0.00000900	0.00000000	0.00000000	0.00000000	0.00000000	0.00000000	0.00000000	0.00000000	0.00000000	0.00000000	0.00000000	0.00000000	0.00000000	0.00000000	0.00000000	0.00000000	0.00000000	0.00000000	0.00000000	0.00000000	0.00000000	0.00000000
0.00000000	0.00000000	0.00000000	0.00000000	0.00000000	0.00000000	0.00000000	0.00000000	0.00000900	0.00000000	0.00000000	0.00000000	0.00001200	0.00000000	0.00000000	0.00000000	0.00001500	0.00000000	0.00000000	0.00000000	0.00000000	0.00000000	0.00000000	0.00000000	0.00000000	0.00000000	0.00000000	0.00000000	0.00000000	0.00000000	0.00000000
0.00000300	0.00000000	0.00000000	0.00000000	0.00000000	0.00000000	0.00000000	0.00000600	0.00000000	0.00000000	0.00000000	0.00000000	0.00000000	0.00000000	0.00000000	0.00000000	0.00000000	0.00000000	0.00000000	0.00000000	0.00000000	0.00000000	0.00000000	0.00000000	0.00002100	0.00000000	0.00000000	0.00000000	0.00000000	0.00000000	0.00000000
0.00000300	0.00000000	0.00000000	0.00000000	0.00000000	0.00000000	0.00000000	0.00000000	0.00000000	0.00000000	0.00000000	0.00000000	0.00000000	0.00001200	0.00000000	0.00000000	0.00000000	0.00000000	0.00000000	0.00000000	0.00000000	0.00000000	0.00000000	0.00000000	0.00000000	0.00000000	0.00000000	0.00000000	0.00000000	0.00000000	0.00000000
0.00000000	0.00000300	0.00000000	0.00000000	0.00000000	0.00000600	0.00000000	0.00000000	0.00000000	0.00000000	0.00000000	0.00000000	0.00000000	0.00000000	0.00000000	0.00000000	0.00000000	0.00000000	0.00000000	0.00000000	0.00000000	0.00000000	0.00000000	0.00000000	0.00000000	0.00000000	0.00000000	0.00000000	0.00000000	0.00000000	0.00000000
0.00000000	0.00000000	0.00000000	0.00000000	0.00000000	0.00000000	0.00000000	0.00000000	0.00000900	0.00000000	0.00000000	0.00000000	0.00000000	0.00000000	0.00000000	0.00000000	0.00001500	0.00000000	0.00000000	0.00000000	0.00000000	0.00000000	0.00000000	0.00000000	0.00000000	0.00000000	0.00000000	0.00000000	0.00000000	0.00000000	0.00000000
0.00000000	0.00000000	0.00000000	0.00000000	0.00000000	0.00000000	0.00000000	0.00000000	0.00000000	0.00000000	0.00000900	0.00000000	0.00000000	0.00000000	0.00000000	0.00000000	0.00000000	0.00000000	0.00000000	0.00000000	0.00000000	0.00001800	0.00000000	0.00000000	0.00000000	0.00000000	0.00000000	0.00000000	0.00000000	0.00000000	0.00000000
0.00000300	0.00000000	0.00000000	0.00000000	0.00000600	0.00000000	0.00000000	0.00000000	0.00000000	0.00000000	0.00000000	0.00000000	0.00000000	0.00000000	0.00000000	0.00000000	0.00000000	0.00000000	0.00000000	0.00000000	0.00000000	0.00000000	0.00000000	0.00000000	0.00000000	0.00000000	0.00000000	0.00000000	0.00000000	0.00000000	0.00000000
0.00000000	0.00000000	0.00000000	0.00000000	0.00000600	0.00000000	0.00000000	0.00000000	0.00000000	0.00000000	0.00000900	0.00000000	0.00000000	0.00000000	0.00000000	0.00000000	0.00000000	0.00000000	0.00000000	0.00000000	0.00000000	0.00000000	0.00000000	0.00000000	0.00000000	0.00000000	0.00000000	0.00000000	0.00000000	0.00000000	0.00000000
0.00000000	0.00000000	0.00000000	0.00000000	0.00000000	0.00000000	0.00000000	0.00000000	0.00000000	0.00000000	0.00000000	0.00000000	0.00000000	0.00000000	0.00000000	0.00000000	0.00000000	0.00000000	0.00000000	0.00000000	0.00001800	0.00000000	0.00000000	0.00001800	0.00000000	0.00000000	0.00000000	0.00000000	0.00000000	0.00000000	0.00000000
0.00000000	0.00000000	0.00000000	0.00000000	0.00000000	0.00000000	0.00000000	0.00000000	0.00000000	0.00000000	0.00000000	0.00000000	0.00000000	0.00000000	0.00000000	0.00000000	0.00000000	0.00000000	0.00001500	0.00001500	0.00000000	0.00000000	0.00000000	0.00000000	0.00000000	0.00000000	0.00000000	0.00000000	0.00000000	0.00000000	0.00000000
0.00000000	0.00000000	0.00000000	0.00000300	0.00000000	0.00000000	0.00000000	0.00000000	0.00000000	0.00000000	0.00000000	0.00000000	0.00000000	0.00000000	0.00000000	0.00000000	0.00000000	0.00000000	0.00000000	0.00000000	0.00000000	0.00000000	0.00000000	0.00000000	0.00000000	0.00000000	0.00000000	0.00000000	0.00002400	0.00000000	0.00000000
0.00000000	0.00000300	0.00000000	0.00000000	0.00000000	0.00000600	0.00000000	0.00000000	0.00000000	0.00000000	0.00000000	0.00000000	0.00000000	0.00000000	0.00000000	0.00000000	0.00000000	0.00000000	0.00000000	0.00000000	0.00000000	0.00000000	0.00000000	0.00000000	0.00000000	0.00000000	0.00000000	0.00000000	0.00000000	0.00000000	0.00000000
0.00000000	0.00000000	0.00000300	0.00000300	0.00000000	0.00000000	0.00000000	0.00000000	0.00000000	0.00000000	0.00000000	0.00000000	0.00000000	0.00000000	0.00000000	0.00000000	0.00000000	0.00000000	0.00000000	0.00000000	0.00000000	0.00000000	0.00000000	0.00000000	0.00000000	0.00000000	0.00000000	0.00000000	0.00000000	0.00000000	0.00000000
0.00000300	0.00000000	0.00000000	0.00000000	0.00000600	0.00000000	0.00000000	0.00000000	0.00000000	0.00000000	0.00000000	0.00000000	0.00000000	0.00000000	0.00000000	0.00000000	0.00000000	0.00000000	0.00000000	0.00000000	0.00000000	0.00000000	0.00000000	0.00000000	0.00000000	0.00000000	0.00000000	0.00000000	0.00000000	0.00000000	0.00000000
0.00000000	0.00000000	0.00000000	0.00000000	0.00000000	0.00000000	0.00000600	0.00000000	0.00000000	0.00000000	0.00000000	0.00000900	0.00000000	0.00000000	0.00000000	0.00000000	0.00000000	0.00000000	0.00000000	0.00000000	0.00000000	0.00000000	0.00000000	0.00000000	0.00000000	0.00000000	0.00000000	0.00000000	0.00000000	0.00000000	0.00000000
0.00000000	0.00000000	0.00000000	0.00000000	0.00000600	0.00000000	0.00000000	0.00000000	0.00000000	0.00000000	0.00000000	0.00000000	0.00000000	0.00000000	0.00000000	0.00000000	0.00000000	0.00000000	0.00000000	0.00000000	0.00000000	0.00000000	0.00000000	0.00000000	0.00000000	0.00000000	0.00002100	0.00000000	0.00000000	0.00000000	0.00000000
0.00000000	0.00000000	0.00000000	0.00000000	0.00000000	0.00000000	0.00000600	0.00000000	0.00000000	0.00000000	0.00000000	0.00000000	0.00000000	0.00000000	0.00000000	0.00000000	0.00000000	0.00000000	0.00000000	0.00000000	0.00000000	0.00001800	0.00000000	0.00000000	0.00000000	0.00000000	0.00000000	0.00000000	0.00000000	0.00000000	0.00000000
0.00000300	0.00000000	0.00000000	0.00000000	0.00000000	0.00000000	0.00000000	0.00000000	0.00000000	0.00000000	0.00000900	0.00000000	0.00000000	0.00000000	0.00000000	0.00000000	0.00000000	0.00000000	0.00000000	0.00000000	0.00000000	0.00000000	0.00000000	0.00000000	0.00000000	0.00000000	0.00000000	0.00000000	0.00000000	0.00000000	0.00000000
0.00000000	0.00000000	0.00000300	0.00000000	0.00000600	0.00000000	0.00000000	0.00000000	0.00000000	0.00000000	0.00000000	0.00000000	0.00000000	0.00000000	0.00000000	0.00000000	0.00000000	0.00000000	0.00000000	0.00000000	0.00000000	0.00000000	0.00000000	0.00000000	0.00000000	0.00000000	0.00000000	0.00000000	0.00000000	0.00000000	0.00000000
0.00000000	0.00000000	0.00000000	0.00000000	0.00000000	0.00000000	0.00000000	0.00000000	0.00000000	0.00000000	0.00000000	0.00000000	0.00000000	0.00000000	0.00000000	0.00000000	0.00000000	0.00000000	0.00000000	0.00000000	0.00000000	0.00000000	0.00001800	0.00000000	0.00000000	0.00000000	0.00000000	0.00000000	0.00000000	0.00002400	0.00000000
0.00000000	0.00000300	0.00000000	0.00000000	0.00000000	0.00000000	0.00000000	0.00000000	0.00000000	0.00000000	0.00000000	0.00000000	0.00000000	0.00000000	0.00000000	0.00000000	0.00000000	0.00000000	0.00000000	0.00000000	0.00000000	0.00000000	0.00000000	0.00000000	0.00000000	0.00000000	0.00000000	0.00000000	0.00000000	0.00000000	0.00000000
0.00000000	0.00000000	0.00000000	0.00000000	0.00000000	0.00000000	0.00000000	0.00000000	0.00000900	0.00000000	0.00000000	0.00000000	0.00000000	0.00000000	0.00000000	0.00000000	0.00000000	0.00000000	0.00000000	0.00000000	0.00000000	0.00000000	0.00000000	0.00000000	0.00000000	0.00000000	0.00000000	0.00000000	0.00000000	0.00000000	0.00000000
0.00000000	0.00000000	0.00000000	0.00000000	0.00000000	0.00000000	0.00000000	0.00000000	0.00000000	0.00000000	0.00000000	0.00000000	0.00000000	0.00000000	0.00000000	0.00000000	0.00000000	0.00000000	0.00000000	0.00000000	0.00000000	0.00000000	0.00000000	0.00001800	0.00000000	0.00000000	0.00000000	0.00000000	0.00000000	0.00000000	0.00000000
0.00000000	0.00000000	0.00000300	0.00000000	0.00000000	0.00000000	0.00000000	0.00000000	0.00000000	0.00000000	0.00000000	0.00000000	0.00000000	0.00000000	0.00000000	0.00000000	0.00000000	0.00000000	0.00000000	0.00000000	0.00000000	0.00000000	0.00000000	0.00000000	0.00000000	0.00000000	0.00000000	0.00000000	0.00000000	0.00000000	0.00000000
0.00000000	0.00000000	0.00000000	0.00000000	0.00000600	0.00000000	0.00000000	0.00000000	0.00000000	0.00000000	0.00000000	0.00000000	0.00000000	0.00000000	0.00000000	0.00000000	0.00000000	0.00000000	0.00000000	0.00000000	0.00000000	0.00000000	0.00000000	0.00000000	0.00000000	0.00000000	0.00000000	0.00000000	0.00000000	0.00000000	0.00000000
0.00000000	0.00000000	0.00000000	0.00000000	0.00000000	0.00000000	0.00000000	0.00000000	0.00000900	0.00000000	0.00000000	0.00000000	0.00000000	0.00000000	0.00000000	0.00000000	0.00000000	0.00000000	0.00000000	0.00000000	0.00000000	0.00000000	0.00000000	0.00000000	0.00000000	0.00000000	0.00000000	0.00000000	0.00000000	0.00000000	0.00000000
0.00000000	0.00000000	0.00000000	0.00000000	0.00000000	0.00000000	0.00000000	0.00000000	0.00000000	0.00000000	0.00000000	0.00000000	0.00000000	0.00000000	0.00000000	0.00000000	0.00000000	0.00000000	0.00000000	0.00000000	0.00000000	0.00000000	0.00000000	0.00000000	0.00000000	0.00000000	0.00002100	0.00000000	0.00000000	0.00000000	0.00000000
0.00000000	0.00000000	0.00000000	0.00000000	0.00000000	0.00000000	0.00000000	0.00000000	0.00000000	0.00000000	0.00000000	0.00000000	0.00000000	0.00000000	0.00000000	0.00000000	0.00000000	0.00000000	0.00000000	0.00000000	0.00000000	0.00000000	0.00000000	0.00000000	0.00002100	0.00000000	0.00000000	0.00000000	0.00000000	0.00000000	0.00000000
0.00000000	0.00000000	0.00000000	0.00000000	0.00000600	0.00000000	0.00000000	0.00000000	0.00000000	0.00000000	0.00000000	0.00000000	0.00000000	0.00000000	0.00000000	0.00000000	0.00000000	0.00000000	0.00000000	0.00000000	0.00000000	0.00000000	0.00000000	0.00000000	0.00000000	0.00000000	0.00000000	0.00000000	0.00000000	0.00000000	0.00000000
0.00000000	0.00000000	0.00000000	0.00000000	0.00000000	0.00000000	0.00000600	0.00000000	0.00000000	0.00000000	0.00000000	0.00000000	0.00000000	0.00000000	0.00000000	0.00000000	0.00000000	0.00000000	0.00000000	0.00000000	0.00000000	0.00000000	0.00000000	0.00000000	0.00000000	0.00000000	0.00000000	0.00000000	0.00000000	0.00000000	0.00000000
0.00000000	0.00000000	0.00000000	0.00000000	0.00000000	0.00000000	0.00000000	0.00000000	0.00000000	0.00000000	0.00000000	0.00000000	0.00000000	0.00000000	0.00000000	0.00000000	0.00001500	0.00000000	0.00000000	0.00000000	0.00000000	0.00000000	0.00000000	0.00000000	0.00000000	0.00000000	0.00000000	0.00000000	0.00000000	0.00000000	0.00000000
2440.00000000	2273.00000000	2275.00000000	2277.00000000	2575.00000000	2027.00000000	1424.00000000	2572.00000000	2253.00000000	1302.00000000	3323.00000000	2475.00000000	2915.00000000	2033.00000000	2734.00000000	2808.00000000	2448.00000000	2252.00000000	1178.00000000	2294.00000000	2177.00000000	2344.00000000	1693.00000000	1706.00000000	2615.00000000	2539.00000000	2207.00000000	1922.00000000	1754.00000000	1686.00000000	1767.00000000
0.00010000	0.00010000	0.00010000	0.00010000	0.00010000	0.00010000	0.00010000	0.00010000	0.00010000	0.00010000	0.00010000	0.00010000	0.00010000	0.00010000	0.00010000	0.00010000	0.00010000	0.00010000	0.00010000	0.00010000	0.00010000	0.00010000	0.00010000	0.00010000	0.00010000	0.00010000	0.00010000	0.00010000	0.00010000	0.00010000	0.00010000
0.00001000	0.00001000	0.00001000	0.00001000	0.00001000	0.00001000	0.00001000	0.00001000	0.00001000	0.00001000	0.00001000	0.00001000	0.00001000	0.00001000	0.00001000	0.00001000	0.00001000	0.00001000	0.00001000	0.00001000	0.00001000	0.00001000	0.00001000	0.00001000	0.00001000	0.00001000	0.00001000	0.00001000	0.00001000	0.00001000	0.00001000
0.00000000	0.00000000	0.00000000	0.00000000	0.00000000	0.00000000	0.00000000	0.00000000	0.00000000	0.00000000	0.00000000	0.00000000	0.00000000	0.00000000	0.00000000	0.00000000	0.00000000	0.00000000	0.00000000	0.00000000	0.00000000	0.00000000	0.00000000	0.00000000	0.00000000	0.00000000	0.00000000	0.00000000	0.00000000	0.00000000	0.00000000
0.10000000	0.10000000	0.10000000	0.10000000	0.10000000	0.10000000	0.10000000	0.10000000	0.10000000	0.10000000	0.10000000	0.10000000	0.10000000	0.10000000	0.10000000	0.10000000	0.10000000	0.10000000	0.10000000	0.10000000	0.10000000	0.10000000	0.10000000	0.10000000	0.10000000	0.10000000	0.10000000	0.10000000	0.10000000	0.10000000	0.10000000
